## Scipy
### 简介
SciPy 是一个用于数学、科学和工程的开源库，其集成了统计、优化、线性代数、傅立叶变换、信号和图像处理，ODE 求解器等模块，是使用 Python 进行科学计算的重要工具之一
```python
import scipy
scipy.__version__
```
查看版本

### 常量模块
为了方便科学计算，SciPy 提供了一个叫` scipy.constants `模块，该模块下包含了常用的物理和数学常数及单位。你可以通过前面给出的链接来查看这些常数和单位

例如，数学中的圆周率和黄金分割常数
```python
from scipy import constants
constants.pi

constants.golden
```
物理学经常会用到的真空中的光速、普朗克系数等
```python
constants.c, constants.speed_of_light

constants.h, constants.Planck
```
### 线性代数
线性代数应该是科学计算中最常涉及到的计算方法之一，
SciPy 中提供的详细而全面的线性代数计算函数。
这些函数基本都放置在模块 `scipy.linalg` 下方。其中，又大致分为：
+ 基本求解方法
+ 特征值问题
+ 矩阵分解
+ 矩阵函数
+ 矩阵方程求解
+ 特殊矩阵构造等几个小类

例： 
+ scipy.linalg.inv： 求给定矩阵的逆
```python
import numpy as np
from scipy import linalg

linalg.inv(np.matrix([[1, 2], [3, 4]]))
```
+ scipy.linalg.svd: 奇异值分解
```python
U, s, Vh = linalg.svd(np.random.randn(5, 4))
U, s, Vh

(array([[-0.13476522, -0.41944012, -0.12939582,  0.86778084,  0.19005644],
        [ 0.09402103, -0.5720548 ,  0.53978602, -0.29806686,  0.53263548],
        [ 0.83400225, -0.35443886, -0.09784915,  0.0334136 , -0.41002734],
        [-0.33732217, -0.54739487, -0.65042082, -0.39427473, -0.08984878],
        [ 0.40453972,  0.26749814, -0.50918177, -0.03928762,  0.70991744]]),
 array([2.98624503, 2.23788305, 1.11504619, 0.70143008]),
 array([[-0.58977443, -0.66726298,  0.01640267,  0.45459563],
        [-0.61013586,  0.43969283,  0.6370153 , -0.16916251],
        [ 0.05177474,  0.52678209, -0.08998367,  0.84363674],
        [ 0.5265166 , -0.28970841,  0.76540538,  0.23022578]]))
```
最终返回酉矩阵 U 和 Vh，以及奇异值 s
+ scipy.linalg.lstsq: 最小二乘法求解函数

### 插值函数
插值，是数值分析领域中通过已知的、离散的数据点，在范围内推求新数据点的过程或方法。
SciPy 提供的 `scipy.interpolate` 模块下方就包含了大量的数学插值方法，涵盖非常全面


